{
 "cells": [
  {
   "cell_type": "markdown",
   "metadata": {},
   "source": [
    "# Install Qiskit ignis"
   ]
  },
  {
   "cell_type": "code",
   "execution_count": 1,
   "metadata": {},
   "outputs": [
    {
     "name": "stdout",
     "output_type": "stream",
     "text": [
      "fatal: destination path 'qiskit-ignis' already exists and is not an empty directory.\r\n"
     ]
    }
   ],
   "source": [
    "!git clone https://github.com/Qiskit/qiskit-ignis.git"
   ]
  },
  {
   "cell_type": "code",
   "execution_count": 1,
   "metadata": {},
   "outputs": [
    {
     "name": "stdout",
     "output_type": "stream",
     "text": [
      "Obtaining file:///Users/mamico/qiskit-ignis\n",
      "Requirement already satisfied: numpy>=1.13 in /anaconda/lib/python3.6/site-packages (from qiskit-ignis==0.1.0) (1.14.2)\n",
      "Requirement already satisfied: qiskit-terra>=0.7.0 in /anaconda/lib/python3.6/site-packages (from qiskit-ignis==0.1.0) (0.7.0)\n",
      "Requirement already satisfied: scipy!=0.19.1,>=0.19 in /anaconda/lib/python3.6/site-packages (from qiskit-ignis==0.1.0) (1.0.1)\n",
      "Requirement already satisfied: requests>=2.19 in /anaconda/lib/python3.6/site-packages (from qiskit-terra>=0.7.0->qiskit-ignis==0.1.0) (2.21.0)\n",
      "Requirement already satisfied: pillow>=4.2.1 in /anaconda/lib/python3.6/site-packages (from qiskit-terra>=0.7.0->qiskit-ignis==0.1.0) (5.1.0)\n",
      "Requirement already satisfied: ply>=3.10 in /anaconda/lib/python3.6/site-packages (from qiskit-terra>=0.7.0->qiskit-ignis==0.1.0) (3.10)\n",
      "Requirement already satisfied: marshmallow-polyfield<4,>=3.2 in /anaconda/lib/python3.6/site-packages (from qiskit-terra>=0.7.0->qiskit-ignis==0.1.0) (3.2)\n",
      "Requirement already satisfied: requests-ntlm>=1.1.0 in /anaconda/lib/python3.6/site-packages (from qiskit-terra>=0.7.0->qiskit-ignis==0.1.0) (1.1.0)\n",
      "Requirement already satisfied: networkx>=2.2 in /anaconda/lib/python3.6/site-packages (from qiskit-terra>=0.7.0->qiskit-ignis==0.1.0) (2.2)\n",
      "Requirement already satisfied: sympy>=1.3 in /anaconda/lib/python3.6/site-packages (from qiskit-terra>=0.7.0->qiskit-ignis==0.1.0) (1.3)\n",
      "Requirement already satisfied: psutil>=5 in /anaconda/lib/python3.6/site-packages (from qiskit-terra>=0.7.0->qiskit-ignis==0.1.0) (5.2.2)\n",
      "Requirement already satisfied: jsonschema<2.7,>=2.6 in /anaconda/lib/python3.6/site-packages (from qiskit-terra>=0.7.0->qiskit-ignis==0.1.0) (2.6.0)\n",
      "Requirement already satisfied: marshmallow<3,>=2.16.3 in /anaconda/lib/python3.6/site-packages (from qiskit-terra>=0.7.0->qiskit-ignis==0.1.0) (2.17.0)\n",
      "Requirement already satisfied: urllib3<1.25,>=1.21.1 in /anaconda/lib/python3.6/site-packages (from requests>=2.19->qiskit-terra>=0.7.0->qiskit-ignis==0.1.0) (1.22)\n",
      "Requirement already satisfied: idna<2.9,>=2.5 in /anaconda/lib/python3.6/site-packages (from requests>=2.19->qiskit-terra>=0.7.0->qiskit-ignis==0.1.0) (2.6)\n",
      "Requirement already satisfied: chardet<3.1.0,>=3.0.2 in /anaconda/lib/python3.6/site-packages (from requests>=2.19->qiskit-terra>=0.7.0->qiskit-ignis==0.1.0) (3.0.4)\n",
      "Requirement already satisfied: certifi>=2017.4.17 in /anaconda/lib/python3.6/site-packages (from requests>=2.19->qiskit-terra>=0.7.0->qiskit-ignis==0.1.0) (2018.4.16)\n",
      "Requirement already satisfied: cryptography>=1.3 in /anaconda/lib/python3.6/site-packages (from requests-ntlm>=1.1.0->qiskit-terra>=0.7.0->qiskit-ignis==0.1.0) (2.2.2)\n",
      "Requirement already satisfied: ntlm-auth>=1.0.2 in /anaconda/lib/python3.6/site-packages (from requests-ntlm>=1.1.0->qiskit-terra>=0.7.0->qiskit-ignis==0.1.0) (1.1.0)\n",
      "Requirement already satisfied: decorator>=4.3.0 in /anaconda/lib/python3.6/site-packages (from networkx>=2.2->qiskit-terra>=0.7.0->qiskit-ignis==0.1.0) (4.3.0)\n",
      "Requirement already satisfied: mpmath>=0.19 in /anaconda/lib/python3.6/site-packages (from sympy>=1.3->qiskit-terra>=0.7.0->qiskit-ignis==0.1.0) (1.0.0)\n",
      "Requirement already satisfied: cffi>=1.7; platform_python_implementation != \"PyPy\" in /anaconda/lib/python3.6/site-packages (from cryptography>=1.3->requests-ntlm>=1.1.0->qiskit-terra>=0.7.0->qiskit-ignis==0.1.0) (1.11.5)\n",
      "Requirement already satisfied: six>=1.4.1 in /anaconda/lib/python3.6/site-packages (from cryptography>=1.3->requests-ntlm>=1.1.0->qiskit-terra>=0.7.0->qiskit-ignis==0.1.0) (1.11.0)\n",
      "Requirement already satisfied: asn1crypto>=0.21.0 in /anaconda/lib/python3.6/site-packages (from cryptography>=1.3->requests-ntlm>=1.1.0->qiskit-terra>=0.7.0->qiskit-ignis==0.1.0) (0.24.0)\n",
      "Requirement already satisfied: pycparser in /anaconda/lib/python3.6/site-packages (from cffi>=1.7; platform_python_implementation != \"PyPy\"->cryptography>=1.3->requests-ntlm>=1.1.0->qiskit-terra>=0.7.0->qiskit-ignis==0.1.0) (2.18)\n",
      "Installing collected packages: qiskit-ignis\n",
      "  Found existing installation: qiskit-ignis 0.1.0\n",
      "    Uninstalling qiskit-ignis-0.1.0:\n",
      "      Successfully uninstalled qiskit-ignis-0.1.0\n",
      "  Running setup.py develop for qiskit-ignis\n",
      "Successfully installed qiskit-ignis\n",
      "\u001b[33mYou are using pip version 19.0, however version 19.0.3 is available.\n",
      "You should consider upgrading via the 'pip install --upgrade pip' command.\u001b[0m\n"
     ]
    }
   ],
   "source": [
    "!pip install -e qiskit-ignis"
   ]
  },
  {
   "cell_type": "markdown",
   "metadata": {},
   "source": [
    "# Imports"
   ]
  },
  {
   "cell_type": "code",
   "execution_count": 57,
   "metadata": {},
   "outputs": [],
   "source": [
    "import sys\n",
    "sys.path.append('qiskit-ignis/qiskit')\n",
    "import numpy as np\n",
    "import time\n",
    "import qiskit\n",
    "from qiskit import QuantumRegister, QuantumCircuit, ClassicalRegister, BasicAer\n",
    "from qiskit.quantum_info import state_fidelity\n",
    "import qiskit.ignis.verification.tomography as tomo\n",
    "from qiskit.tools.visualization import plot_state_city\n",
    "import matplotlib.pyplot as plt\n",
    "from qiskit.providers.aer import noise # import AER noise model\n",
    "from qiskit.ignis.mitigation.measurement import *"
   ]
  },
  {
   "cell_type": "markdown",
   "metadata": {},
   "source": [
    "# Functions for Bayesian tomography"
   ]
  },
  {
   "cell_type": "code",
   "execution_count": 3,
   "metadata": {
    "collapsed": true
   },
   "outputs": [],
   "source": [
    "def bme_fit(probs, basis_matrix, shots):\n",
    "\n",
    "    N = int(np.sqrt(basis_matrix[0].shape[0]))\n",
    "    SAMPLES = 400\n",
    "\n",
    "    def logl(rho, meas_res):\n",
    "\n",
    "        logl = 0.0\n",
    "        for result in meas_res:\n",
    "            logl += result[1] * np.log(np.real(np.trace(np.matmul(np.reshape(result[0], (N,N)), rho))))\n",
    "\n",
    "        return logl\n",
    "\n",
    "    def montecarlo(N, likelihood, nsamples):\n",
    "        result = np.zeros((N, N), dtype='complex')\n",
    "        error = np.kron(result, result)\n",
    "\n",
    "        # Estimated density operator\n",
    "        for i in range(nsamples):\n",
    "            rho = ginibre(N)\n",
    "            L = np.exp(likelihood(rho))\n",
    "            result += L * rho\n",
    "            error += L * np.kron(rho, rho)\n",
    "\n",
    "        result /= nsamples\n",
    "        trace = np.trace(result)\n",
    "        result /= trace\n",
    "\n",
    "        error /= nsamples\n",
    "        error /= trace\n",
    "        error -= np.kron(result, result)\n",
    "\n",
    "        return result, error\n",
    "\n",
    "\n",
    "    # print(basis_matrix)\n",
    "    # print(probs)\n",
    "\n",
    "    counts = [i * shots for i in probs]\n",
    "\n",
    "    # print(counts)\n",
    "\n",
    "    meas_res = list(zip(basis_matrix,counts)) \n",
    "\n",
    "    res = montecarlo(N, lambda rho: logl(rho, meas_res), SAMPLES)\n",
    "    return res\n",
    "\n",
    "def compute_std_error(obs, superoperator):\n",
    "   return np.sqrt(np.trace(np.matmul(np.kron(obs,obs),superoperator))).real\n",
    "\n",
    "# From QuTiP\n",
    "def ginibre(N, rank=None):\n",
    "   \"\"\"\n",
    "   Returns a Ginibre random density operator of dimension\n",
    "   ``dim`` and rank ``rank`` by using the algorithm of\n",
    "   [BCSZ08]_. If ``rank`` is `None`, a full-rank\n",
    "   (Hilbert-Schmidt ensemble) random density operator will be\n",
    "   returned.\n",
    "   Parameters\n",
    "   ----------\n",
    "   N : int\n",
    "       Dimension of the density operator to be returned.\n",
    "   rank : int or None\n",
    "       Rank of the sampled density operator. If None, a full-rank\n",
    "       density operator is generated.\n",
    "   Returns\n",
    "   -------\n",
    "   rho : Qobj\n",
    "       An N × N density operator sampled from the Ginibre\n",
    "       or Hilbert-Schmidt distribution.\n",
    "   \"\"\"\n",
    "   if rank is None:\n",
    "       rank = N\n",
    "   if rank > N:\n",
    "       raise ValueError(\"Rank cannot exceed dimension.\")\n",
    "   shape = (N, rank)\n",
    "   X = np.sum(np.random.randn(*(shape + (2,)))* np.array([1, 1j]), axis=-1)\n",
    "   rho = np.dot(X, X.T.conj())\n",
    "   rho /= np.trace(rho)\n",
    "\n",
    "   return rho"
   ]
  },
  {
   "cell_type": "markdown",
   "metadata": {},
   "source": [
    "# Example"
   ]
  },
  {
   "cell_type": "markdown",
   "metadata": {},
   "source": [
    "Bayesian methods of inference in the case of few trials give a more conservative estimate compared to frequentist approaches.\n",
    "This avoids giving unphysical results, unacceptable in the experimental setting (e.g. some eigenvalues of the density matrix equal to 0).\n",
    "Moreover, it allows to calculate errorbars for any observable.\n",
    "The estimate is also robust in presence of error, as its not easily biased."
   ]
  },
  {
   "cell_type": "markdown",
   "metadata": {},
   "source": [
    "## Fixed number of shots"
   ]
  },
  {
   "cell_type": "code",
   "execution_count": 123,
   "metadata": {},
   "outputs": [
    {
     "name": "stdout",
     "output_type": "stream",
     "text": [
      "Density matrix from maximum likelihood estimate:\n",
      "[[ 1.06829708e-02+0.j         -6.38583047e-02+0.03499869j\n",
      "   6.67580409e-03+0.00773849j -5.28250738e-03+0.00128009j\n",
      "  -1.38147214e-02+0.01198786j  3.71058861e-03-0.00679268j\n",
      "   8.60253810e-03-0.00347914j  5.34333691e-03+0.01253799j\n",
      "   1.59753783e-03+0.00526689j  2.04281191e-02+0.00411973j\n",
      "   7.34333999e-03-0.00891063j  6.54713559e-03+0.00412242j\n",
      "  -4.71791941e-03-0.00338265j -7.28266513e-03+0.00538028j\n",
      "   3.45798751e-06-0.00511609j -3.55969696e-03-0.00510272j]\n",
      " [-6.38583047e-02-0.03499869j  7.57140176e-01+0.j\n",
      "  -2.60634485e-02-0.10986011j  4.68050926e-02+0.0286941j\n",
      "   1.86060735e-01-0.03847975j -4.39090557e-02+0.03654077j\n",
      "  -8.61143282e-02-0.00319173j -5.42992889e-03-0.13207058j\n",
      "   1.13007218e-02-0.04800446j -1.74085884e-01-0.15222279j\n",
      "  -1.06376401e-01+0.04438222j -4.55673317e-02-0.05423043j\n",
      "   2.17449220e-02+0.05597091j  8.45680230e-02-0.02072269j\n",
      "  -2.64107391e-02+0.04551733j  1.48227563e-02+0.04874014j]\n",
      " [ 6.67580409e-03-0.00773849j -2.60634485e-02+0.10986011j\n",
      "   1.69641017e-02+0.j         -5.90797511e-03+0.00555198j\n",
      "  -8.50129345e-04+0.02830734j -3.92011410e-03-0.00720586j\n",
      "   3.21250601e-03-0.01231866j  1.94046863e-02+0.00338218j\n",
      "   6.46124585e-03+0.00320768j  2.83496602e-02-0.02002307j\n",
      "  -2.82508222e-03-0.01688497j  9.26011917e-03-0.00499787j\n",
      "  -8.85058752e-03+0.0011481j   3.00847406e-04+0.01293211j\n",
      "  -5.67082917e-03-0.00540037j -7.42615898e-03+0.00074181j]\n",
      " [-5.28250738e-03-0.00128009j  4.68050926e-02-0.0286941j\n",
      "  -5.90797511e-03-0.00555198j  4.62265288e-03+0.j\n",
      "   1.01026370e-02-0.00947184j -2.03559043e-03+0.00321838j\n",
      "  -5.35014378e-03+0.00256788j -4.64895410e-03-0.00745306j\n",
      "  -8.30872280e-04-0.00353595j -1.68082427e-02-0.0022719j\n",
      "  -4.99945446e-03+0.00659902j -4.18141178e-03-0.00171168j\n",
      "   3.60512563e-03+0.00275907j  4.32952294e-03-0.00402261j\n",
      "   6.91301520e-05+0.00386498j  2.06316934e-03+0.00247877j]\n",
      " [-1.38147214e-02-0.01198786j  1.86060735e-01+0.03847975j\n",
      "  -8.50129345e-04-0.02830734j  1.01026370e-02+0.00947184j\n",
      "   4.76866125e-02+0.j         -1.26664232e-02+0.00663732j\n",
      "  -2.09585617e-02-0.00520056j  5.40850454e-03-0.0326397j\n",
      "   5.25251666e-03-0.01121638j -3.51044775e-02-0.04622329j\n",
      "  -2.83949441e-02+0.00547719j -8.37256550e-03-0.01560549j\n",
      "   2.50387806e-03+0.01487991j  2.17945158e-02-0.00075922j\n",
      "  -8.80892176e-03+0.00984635j  1.09931396e-03+0.01268777j]\n",
      " [ 3.71058861e-03+0.00679268j -4.39090557e-02-0.03654077j\n",
      "  -3.92011410e-03+0.00720586j -2.03559043e-03-0.00321838j\n",
      "  -1.26664232e-02-0.00663732j  5.86014430e-03+0.j\n",
      "   5.28345172e-03+0.00499284j -7.37520115e-03+0.00812475j\n",
      "  -3.13711886e-03+0.00271086j  2.46106278e-03+0.01632992j\n",
      "   8.62036905e-03+0.00263795j -6.39895803e-04+0.00619721j\n",
      "   1.15131406e-03-0.00427747j -6.28891882e-03-0.0035134j\n",
      "   3.69874980e-03-0.00144586j  2.23287415e-03-0.00434102j]\n",
      " [ 8.60253810e-03+0.00347914j -8.61143282e-02+0.00319173j\n",
      "   3.21250601e-03+0.01231866j -5.35014378e-03-0.00256788j\n",
      "  -2.09585617e-02+0.00520056j  5.28345172e-03-0.00499284j\n",
      "   1.02086233e-02+0.j          8.83380069e-04+0.01560987j\n",
      "  -9.31564462e-04+0.00571196j  1.99809065e-02+0.01644324j\n",
      "   1.20330028e-02-0.00560404j  5.57961341e-03+0.00649958j\n",
      "  -2.78423333e-03-0.00614769j -9.90752273e-03+0.00269374j\n",
      "   2.76954226e-03-0.00529896j -2.01554193e-03-0.00602081j]\n",
      " [ 5.34333691e-03-0.01253799j -5.42992889e-03+0.13207058j\n",
      "   1.94046863e-02-0.00338218j -4.64895410e-03+0.00745306j\n",
      "   5.40850454e-03+0.0326397j  -7.37520115e-03-0.00812475j\n",
      "   8.83380069e-04-0.01560987j  2.42206463e-02+0.j\n",
      "   8.49461116e-03+0.00193614j  2.79278662e-02-0.02847306j\n",
      "  -7.23122421e-03-0.01898066j  1.04631853e-02-0.0081965j\n",
      "  -9.67153504e-03+0.00341435j  3.25144090e-03+0.01548868j\n",
      "  -7.73578092e-03-0.00486087j -9.34156811e-03+0.00281729j]\n",
      " [ 1.59753783e-03-0.00526689j  1.13007218e-02+0.04800446j\n",
      "   6.46124585e-03-0.00320768j -8.30872280e-04+0.00353595j\n",
      "   5.25251666e-03+0.01121638j -3.13711886e-03-0.00271086j\n",
      "  -9.31564462e-04-0.00571196j  8.49461116e-03-0.00193614j\n",
      "   3.37372704e-03+0.j          6.80953225e-03-0.01312589j\n",
      "  -4.41083498e-03-0.00618461j  3.08892898e-03-0.00358659j\n",
      "  -3.18793120e-03+0.00230018j  2.42389956e-03+0.00523709j\n",
      "  -3.30155882e-03-0.00097751j -3.19123335e-03+0.00152678j]\n",
      " [ 2.04281191e-02-0.00411973j -1.74085884e-01+0.15222279j\n",
      "   2.83496602e-02+0.02002307j -1.68082427e-02+0.0022719j\n",
      "  -3.51044775e-02+0.04622329j  2.46106278e-03-0.01632992j\n",
      "   1.99809065e-02-0.01644324j  2.79278662e-02+0.02847306j\n",
      "   6.80953225e-03+0.01312589j  7.12068320e-02+0.j\n",
      "   1.54328873e-02-0.03142654j  2.10087378e-02+0.00276298j\n",
      "  -1.62093316e-02-0.00866831j -1.48387646e-02+0.0216618j\n",
      "  -3.02634942e-03-0.01577765j -1.28812385e-02-0.00764834j]\n",
      " [ 7.34333999e-03+0.00891063j -1.06376401e-01-0.04438222j\n",
      "  -2.82508222e-03+0.01688497j -4.99945446e-03-0.00659902j\n",
      "  -2.83949441e-02-0.00547719j  8.62036905e-03-0.00263795j\n",
      "   1.20330028e-02+0.00560404j -7.23122421e-03+0.01898066j\n",
      "  -4.41083498e-03+0.00618461j  1.54328873e-02+0.03142654j\n",
      "   1.76128677e-02+0.j          3.13336365e-03+0.01049397j\n",
      "   1.69071139e-04-0.00912033j -1.32048972e-02-0.00215287j\n",
      "   6.36881819e-03-0.00486155j  8.82018455e-04-0.0079134j ]\n",
      " [ 6.54713559e-03-0.00412242j -4.55673317e-02+0.05423043j\n",
      "   9.26011917e-03+0.00499787j -4.18141178e-03+0.00171168j\n",
      "  -8.37256550e-03+0.01560549j -6.39895803e-04-0.00619721j\n",
      "   5.57961341e-03-0.00649958j  1.04631853e-02+0.0081965j\n",
      "   3.08892898e-03+0.00358659j  2.10087378e-02-0.00276298j\n",
      "   3.13336365e-03-0.01049397j  7.38158866e-03+0.j\n",
      "  -5.18379840e-03-0.00165976j -3.78912520e-03+0.00778791j\n",
      "  -1.70244142e-03-0.0045801j  -5.14047888e-03-0.0019361j ]\n",
      " [-4.71791941e-03+0.00338265j  2.17449220e-02-0.05597091j\n",
      "  -8.85058752e-03-0.0011481j   3.60512563e-03-0.00275907j\n",
      "   2.50387806e-03-0.01487991j  1.15131406e-03+0.00427747j\n",
      "  -2.78423333e-03+0.00614769j -9.67153504e-03-0.00341435j\n",
      "  -3.18793120e-03-0.00230018j -1.62093316e-02+0.00866831j\n",
      "   1.69071139e-04+0.00912033j -5.18379840e-03+0.00165976j\n",
      "   4.81614589e-03+0.j          9.61183941e-04-0.00672422j\n",
      "   2.61090516e-03+0.00327504j  3.88160963e-03+0.00044439j]\n",
      " [-7.28266513e-03-0.00538028j  8.45680230e-02+0.02072269j\n",
      "   3.00847406e-04-0.01293211j  4.32952294e-03+0.00402261j\n",
      "   2.17945158e-02+0.00075922j -6.28891882e-03+0.0035134j\n",
      "  -9.90752273e-03-0.00269374j  3.25144090e-03-0.01548868j\n",
      "   2.42389956e-03-0.00523709j -1.48387646e-02-0.0216618j\n",
      "  -1.32048972e-02+0.00215287j -3.78912520e-03-0.00778791j\n",
      "   9.61183941e-04+0.00672422j  1.03673749e-02+0.j\n",
      "  -4.15533969e-03+0.00436908j  4.64733428e-04+0.00635047j]\n",
      " [ 3.45798751e-06+0.00511609j -2.64107391e-02-0.04551733j\n",
      "  -5.67082917e-03+0.00540037j  6.91301520e-05-0.00386498j\n",
      "  -8.80892176e-03-0.00984635j  3.69874980e-03+0.00144586j\n",
      "   2.76954226e-03+0.00529896j -7.73578092e-03+0.00486087j\n",
      "  -3.30155882e-03+0.00097751j -3.02634942e-03+0.01577765j\n",
      "   6.36881819e-03+0.00486155j -1.70244142e-03+0.0045801j\n",
      "   2.61090516e-03-0.00327504j -4.15533969e-03-0.00436908j\n",
      "   3.66242711e-03+0.j          2.44057106e-03-0.00253742j]\n",
      " [-3.55969696e-03+0.00510272j  1.48227563e-02-0.04874014j\n",
      "  -7.42615898e-03-0.00074181j  2.06316934e-03-0.00247877j\n",
      "   1.09931396e-03-0.01268777j  2.23287415e-03+0.00434102j\n",
      "  -2.01554193e-03+0.00602081j -9.34156811e-03-0.00281729j\n",
      "  -3.19123335e-03-0.00152678j -1.28812385e-02+0.00764834j\n",
      "   8.82018455e-04+0.0079134j  -5.14047888e-03+0.0019361j\n",
      "   3.88160963e-03-0.00044439j  4.64733428e-04-0.00635047j\n",
      "   2.44057106e-03+0.00253742j  4.19310851e-03+0.j        ]]\n",
      "Density matrix from Bayesian mean estimate\n",
      "[[ 0.08273072+0.00000000e+00j  0.00973233+1.34842968e-03j\n",
      "  -0.0045471 -2.42240579e-02j  0.00688827-2.79863397e-03j\n",
      "   0.0020754 +2.38183567e-02j  0.0187224 +1.40080426e-02j\n",
      "  -0.00599668-3.08643052e-03j -0.0012529 -2.04557045e-02j\n",
      "  -0.00081538-1.30625194e-05j -0.00765519-4.73973900e-03j\n",
      "   0.00845171-3.22064463e-03j  0.00830032-9.35409968e-03j\n",
      "   0.01023916+9.12149930e-03j  0.00797078+1.44296354e-02j\n",
      "   0.01985529-1.14122738e-02j -0.00425261-1.00263709e-02j]\n",
      " [ 0.00973233-1.34842968e-03j  0.09846925+0.00000000e+00j\n",
      "  -0.00390466-1.55825490e-02j  0.00577631+1.12073131e-02j\n",
      "   0.01151234-3.53714807e-04j  0.01141552+1.12071986e-02j\n",
      "  -0.02049361+1.88812640e-02j  0.02259367-1.23928672e-02j\n",
      "  -0.01112004+1.33247521e-02j -0.0070677 -1.69756282e-03j\n",
      "   0.00086207-1.35066224e-02j -0.01120129-9.82522410e-03j\n",
      "  -0.00195983-5.15466628e-04j -0.01224823+2.76270194e-02j\n",
      "   0.03289027+3.33392793e-03j  0.00124483+1.61622394e-02j]\n",
      " [-0.0045471 +2.42240579e-02j -0.00390466+1.55825490e-02j\n",
      "   0.06037913+0.00000000e+00j  0.00141213+1.96012041e-02j\n",
      "  -0.00339854+7.79413177e-03j -0.00288352-9.61460445e-03j\n",
      "  -0.00334794-1.38902331e-02j  0.00837718+1.25037614e-02j\n",
      "   0.00050923-9.47501700e-03j  0.01204975+4.12517561e-03j\n",
      "   0.01581715-1.31828164e-02j  0.01778225-2.42363757e-03j\n",
      "   0.00278172-1.41207523e-02j -0.00999783-1.14431071e-02j\n",
      "  -0.00451615+1.01672886e-02j  0.00385281+5.79365969e-04j]\n",
      " [ 0.00688827+2.79863397e-03j  0.00577631-1.12073131e-02j\n",
      "   0.00141213-1.96012041e-02j  0.0641672 +0.00000000e+00j\n",
      "  -0.01202298+1.37198489e-03j -0.01066963-3.04003057e-03j\n",
      "  -0.00390858-5.57403153e-03j  0.00837603-9.66418053e-03j\n",
      "  -0.00425789-5.17113571e-03j -0.0005982 -8.67573649e-03j\n",
      "   0.00600824-5.09712124e-03j  0.0080696 -1.41666234e-03j\n",
      "   0.00180537+1.44446736e-02j  0.01298259+1.53793319e-02j\n",
      "   0.00574381-2.56764151e-03j -0.00594921-1.00888046e-03j]\n",
      " [ 0.0020754 -2.38183567e-02j  0.01151234+3.53714807e-04j\n",
      "  -0.00339854-7.79413177e-03j -0.01202298-1.37198489e-03j\n",
      "   0.05852909+0.00000000e+00j  0.0025667 -1.67483025e-02j\n",
      "  -0.02219849+1.75212653e-02j -0.00114878+1.44502466e-04j\n",
      "   0.00469096-1.41875722e-03j -0.00569886+8.59581463e-03j\n",
      "  -0.00503495-1.22019948e-02j  0.0073442 -1.78937087e-02j\n",
      "   0.00403385-2.52007088e-02j  0.00735336-5.22166105e-03j\n",
      "  -0.01622458+2.16639150e-03j -0.0029701 +8.20930806e-03j]\n",
      " [ 0.0187224 -1.40080426e-02j  0.01141552-1.12071986e-02j\n",
      "  -0.00288352+9.61460445e-03j -0.01066963+3.04003057e-03j\n",
      "   0.0025667 +1.67483025e-02j  0.08237321+0.00000000e+00j\n",
      "  -0.01224191-1.61886643e-02j -0.00057734-1.41743657e-02j\n",
      "   0.02364201-1.45934093e-02j  0.01173895+1.69927888e-02j\n",
      "  -0.00167545+1.40757606e-03j  0.0188785 +5.34301099e-03j\n",
      "   0.01052121+8.94955095e-03j -0.00718921+1.32322520e-03j\n",
      "  -0.00401186-2.09751803e-02j -0.01776945-6.92820141e-03j]\n",
      " [-0.00599668+3.08643052e-03j -0.02049361-1.88812640e-02j\n",
      "  -0.00334794+1.38902331e-02j -0.00390858+5.57403153e-03j\n",
      "  -0.02219849-1.75212653e-02j -0.01224191+1.61886643e-02j\n",
      "   0.07306479+0.00000000e+00j  0.01624266-2.02419377e-03j\n",
      "   0.01230159+5.57281911e-03j -0.01052888-4.12724869e-03j\n",
      "  -0.02108293-4.18095863e-04j  0.00162427+3.12197959e-04j\n",
      "  -0.01327528-7.13907640e-03j  0.00088501-2.46290527e-02j\n",
      "   0.01696334+7.34138197e-03j  0.0051172 -1.32962956e-02j]\n",
      " [-0.0012529 +2.04557045e-02j  0.02259367+1.23928672e-02j\n",
      "   0.00837718-1.25037614e-02j  0.00837603+9.66418053e-03j\n",
      "  -0.00114878-1.44502466e-04j -0.00057734+1.41743657e-02j\n",
      "   0.01624266+2.02419377e-03j  0.04536412+0.00000000e+00j\n",
      "  -0.00191591+1.38603091e-03j -0.00641334-2.05377903e-03j\n",
      "  -0.00443905-1.53735698e-02j -0.00073004-8.64864821e-03j\n",
      "  -0.00808641-1.20040690e-02j -0.00320714-1.08182791e-02j\n",
      "   0.00874018+1.77693821e-02j  0.0004824 -2.83365251e-04j]\n",
      " [-0.00081538+1.30625194e-05j -0.01112004-1.33247521e-02j\n",
      "   0.00050923+9.47501700e-03j -0.00425789+5.17113571e-03j\n",
      "   0.00469096+1.41875722e-03j  0.02364201+1.45934093e-02j\n",
      "   0.01230159-5.57281911e-03j -0.00191591-1.38603091e-03j\n",
      "   0.05467534+0.00000000e+00j  0.00395414+1.09294464e-02j\n",
      "  -0.00551703+5.15784518e-03j -0.00317368-4.72860402e-03j\n",
      "   0.00821611-9.55496621e-03j  0.00185449-1.19938467e-02j\n",
      "  -0.00265561-9.15864510e-03j  0.00151428+2.60556730e-04j]\n",
      " [-0.00765519+4.73973900e-03j -0.0070677 +1.69756282e-03j\n",
      "   0.01204975-4.12517561e-03j -0.0005982 +8.67573649e-03j\n",
      "  -0.00569886-8.59581463e-03j  0.01173895-1.69927888e-02j\n",
      "  -0.01052888+4.12724869e-03j -0.00641334+2.05377903e-03j\n",
      "   0.00395414-1.09294464e-02j  0.05932116+0.00000000e+00j\n",
      "  -0.00367889+3.52815919e-03j  0.00339918-6.58014288e-03j\n",
      "   0.00182979-7.45088389e-03j -0.01046964+3.06554634e-03j\n",
      "  -0.01282124+1.46969918e-03j -0.00231004+1.40408366e-02j]\n",
      " [ 0.00845171+3.22064463e-03j  0.00086207+1.35066224e-02j\n",
      "   0.01581715+1.31828164e-02j  0.00600824+5.09712124e-03j\n",
      "  -0.00503495+1.22019948e-02j -0.00167545-1.40757606e-03j\n",
      "  -0.02108293+4.18095863e-04j -0.00443905+1.53735698e-02j\n",
      "  -0.00551703-5.15784518e-03j -0.00367889-3.52815919e-03j\n",
      "   0.06128916+0.00000000e+00j  0.00337566+1.19458773e-02j\n",
      "   0.00760145+7.92152742e-05j  0.02051341+6.93331283e-03j\n",
      "  -0.01086686-6.86373960e-03j -0.00356691+7.61416248e-03j]\n",
      " [ 0.00830032+9.35409968e-03j -0.01120129+9.82522410e-03j\n",
      "   0.01778225+2.42363757e-03j  0.0080696 +1.41666234e-03j\n",
      "   0.0073442 +1.78937087e-02j  0.0188785 -5.34301099e-03j\n",
      "   0.00162427-3.12197959e-04j -0.00073004+8.64864821e-03j\n",
      "  -0.00317368+4.72860402e-03j  0.00339918+6.58014288e-03j\n",
      "   0.00337566-1.19458773e-02j  0.06813472+0.00000000e+00j\n",
      "   0.01392585+8.02618225e-03j  0.00126376-2.96558662e-03j\n",
      "  -0.00465503+8.57679565e-03j -0.02548371-1.36315966e-02j]\n",
      " [ 0.01023916-9.12149930e-03j -0.00195983+5.15466628e-04j\n",
      "   0.00278172+1.41207523e-02j  0.00180537-1.44446736e-02j\n",
      "   0.00403385+2.52007088e-02j  0.01052121-8.94955095e-03j\n",
      "  -0.01327528+7.13907640e-03j -0.00808641+1.20040690e-02j\n",
      "   0.00821611+9.55496621e-03j  0.00182979+7.45088389e-03j\n",
      "   0.00760145-7.92152742e-05j  0.01392585-8.02618225e-03j\n",
      "   0.04949605+0.00000000e+00j  0.0153995 +2.66101317e-03j\n",
      "  -0.00862686-1.05969734e-02j -0.01145598+4.51578681e-03j]\n",
      " [ 0.00797078-1.44296354e-02j -0.01224823-2.76270194e-02j\n",
      "  -0.00999783+1.14431071e-02j  0.01298259-1.53793319e-02j\n",
      "   0.00735336+5.22166105e-03j -0.00718921-1.32322520e-03j\n",
      "   0.00088501+2.46290527e-02j -0.00320714+1.08182791e-02j\n",
      "   0.00185449+1.19938467e-02j -0.01046964-3.06554634e-03j\n",
      "   0.02051341-6.93331283e-03j  0.00126376+2.96558662e-03j\n",
      "   0.0153995 -2.66101317e-03j  0.05723767+0.00000000e+00j\n",
      "  -0.01679739-1.81755754e-02j  0.0093006 +1.46751824e-03j]\n",
      " [ 0.01985529+1.14122738e-02j  0.03289027-3.33392793e-03j\n",
      "  -0.00451615-1.01672886e-02j  0.00574381+2.56764151e-03j\n",
      "  -0.01622458-2.16639150e-03j -0.00401186+2.09751803e-02j\n",
      "   0.01696334-7.34138197e-03j  0.00874018-1.77693821e-02j\n",
      "  -0.00265561+9.15864510e-03j -0.01282124-1.46969918e-03j\n",
      "  -0.01086686+6.86373960e-03j -0.00465503-8.57679565e-03j\n",
      "  -0.00862686+1.05969734e-02j -0.01679739+1.81755754e-02j\n",
      "   0.045735  +0.00000000e+00j  0.00106911-2.01362486e-04j]\n",
      " [-0.00425261+1.00263709e-02j  0.00124483-1.61622394e-02j\n",
      "   0.00385281-5.79365969e-04j -0.00594921+1.00888046e-03j\n",
      "  -0.0029701 -8.20930806e-03j -0.01776945+6.92820141e-03j\n",
      "   0.0051172 +1.32962956e-02j  0.0004824 +2.83365251e-04j\n",
      "   0.00151428-2.60556730e-04j -0.00231004-1.40408366e-02j\n",
      "  -0.00356691-7.61416248e-03j -0.02548371+1.36315966e-02j\n",
      "  -0.01145598-4.51578681e-03j  0.0093006 -1.46751824e-03j\n",
      "   0.00106911+2.01362486e-04j  0.03903338+0.00000000e+00j]]\n"
     ]
    }
   ],
   "source": [
    "#number of trials\n",
    "SHOTS = 3\n",
    "\n",
    "#number of qubits\n",
    "n = 4\n",
    "\n",
    "#create a qubit register\n",
    "q_reg = QuantumRegister(n)\n",
    "c_reg = ClassicalRegister(n)\n",
    "\n",
    "#create a quantum circuit\n",
    "circuit = QuantumCircuit(q_reg)\n",
    "\n",
    "\n",
    "#append gates to the quantum circuit\n",
    "circuit.x(q_reg[0])\n",
    "\n",
    "# print(circuit.qasm())\n",
    "\n",
    "#run the circuit\n",
    "job = qiskit.execute(circuit, BasicAer.get_backend('statevector_simulator'))\n",
    "\n",
    "#get wave function at the end of the circuit\n",
    "psi = job.result().get_statevector(circuit)\n",
    "# print('final state of the circuit',psi)\n",
    "\n",
    "\n",
    "# Generate circuits for tomography and run tomography on simulator\n",
    "t = time.time()\n",
    "qst = tomo.state_tomography_circuits(circuit, q_reg)\n",
    "job = qiskit.execute(qst, BasicAer.get_backend('qasm_simulator'), shots=SHOTS)\n",
    "# print('Time taken:', time.time() - t)\n",
    "\n",
    "# Extract tomography data so that counts are indexed by measurement configuration\n",
    "tomo_counts = tomo.tomography_data(job.result(), qst)\n",
    "\n",
    "# Generate fitter data and reconstruct density matrix\n",
    "probs, basis_matrix, weights = tomo.fitter_data(tomo_counts)\n",
    "# print('tomography results',tomo_counts)\n",
    "\n",
    "#bayesian reconstruction of the density matrix and error on observable\n",
    "rho_fit, error_rho = bme_fit(probs, basis_matrix, SHOTS)\n",
    "\n",
    "#maximum likelihood reconstruction of density matrix\n",
    "rho_mle = tomo.state_mle_fit(probs, basis_matrix, weights)\n",
    "\n",
    "\n",
    "print(\"Density matrix from maximum likelihood estimate:\")\n",
    "print(rho_mle)\n",
    "\n",
    "print(\"Density matrix from Bayesian mean estimate\")\n",
    "print(rho_fit)"
   ]
  },
  {
   "cell_type": "markdown",
   "metadata": {},
   "source": [
    "# Maximum likelihood estimate of the density matrix"
   ]
  },
  {
   "cell_type": "code",
   "execution_count": 124,
   "metadata": {},
   "outputs": [
    {
     "data": {
